16 3

6477471F49B449512540D08664C0D4C1A1BF12475B12FD65CF749409728981229B223430224BA6B0AFF90DDCAE0DC1EDDB7AD8BB589996ED4AD5FC14E661D471D18DB8771DDABBC375B4CDE50D22AEECB6AF9A74085482269E0CE1A61BF111D3C8500F6DD1DF3AE9AC849C8022D658F92BE838FB8DF58405A701E635926AB518B0FC793DEAB94611E64CF53BCFA4CFA374E97CD294C4442AA597DF0DC366A7B4074918F504F8A6CE3AA5C585EA98F2C573C56A18A982E422DF338CBCB0B9E3AC9C60B34C89BF750055C8EE227E1DB5EE2E7613A205FFB7FA25E1644266E8F60D28A1D6F6E262C9C24522B0D805CC5DAB2342969E3A421D830816D2516885EF77A306645F6FCC3E9CDD05DB125A135A7F73B


4 15

1223003223031113001111213201021121020331211032302231212330121303121102033023301321130103111000110101002000111030130020212332331122131203320310211022210323333112220012011310111002331030131322132201022011002312021022112201212001323033021311300313121111303130322131002320211212032212213100121211212323300203221302230100312330310333211031300112111330020100330201003203113110311021231130210221213113113033202110022221222132330032320021132112030320020002113211232322210201012122130032113121223222122221000213023033211211003301111032203321001311300013012231003222311200010010211211223110121022203300213221320221112020011211200


7 2

6240145334313220200051546011464102243205155666132216415112440654140166010615206234420210062011212365641663030605323436103260101001255141532420141566301212565600062635412344205302430010200622310202544105501011166626555301621300431126225306665440312215210653300405403156040520561614265444431246305610141354203336056465112405040620432304515005310230611565251063246441126021031252101653001326552054410511024050442321206002101326240100546250461220600215306020455325621111631120134130106613001011663043250565205525400610600006251005166120402610162065435361013604011040466424561116510216033132440114500505131066645145001054115020034363001630110504032305026151323021111520643632140331025014511654122101215500562115646456060125652436224236101446166645463136433055430120001214130160166260131414155331214154311


5 12

133440001020233240111402314022404314211043114244120412402331301121301213033214131034300144334432304331041424021030241013000020013002330102132444201444421230300004004113240223311042331021021420222014000102420430203423013442140223000042101440233331330301040011333404034303400000342221001330242422244124333011402000004440322204232030311440231131140321410441243421402400211141121003432403220011300100104040131323


14 14

B56CB960D740541063A92265060DD787BD0D0A6A4D91AD40128056098BAA2A8298D7D1139B0001C05BA


