+ 4

13221011330113223100010202023

30103002022333232023233131111

103330020013113121123303333200


* 10

40537192

621979846

25213316437432432


^ 12

2

A

714


^ 4

11

100

2032012330212333001


- 5

24021013100043422014400300

3440000311341402123434000

20031012233202014340411300


^ 6

11

14

44010231441


% 2

100001110011100100000011001001001001001000011000011000001001

110100010011010010110010110010011100111010110010011010011101

100001110011100100000011001001001001001000011000011000001001


+ 15

140086DA73B5C456

6333B16DA463722

1A33C3025E0C0B78


% 8

64043710651564725335

35365030571276664140

26456660060266041175


/ 10

639200410356149370

33763006819135564

18


- 9

6334000007445527552

2633843478053788456

3600045418381628085


^ 2

111

1000

10101111111011011000001


/ 7

123114554224433231040

1432210606446630536114

0


* 4

203121020133231

203003132212320

103120222300000332000112131120


+ 5

244300424311021320144301

23121241220324432020441342

23421042200141003341141143


+ 14

