+ 2

11011111111111000001010100101001100101010101001000011

101001000101000010001000101111000101111011010010111111010100101010101010010010101010101001010010101


+ 2

10010010010101011001010101010100010010001010001111100010010010100100101010100101010110

1001000101000101001001111100010100101011111000101000101010001010101001


+ 2

11011111111111000001010100101001100101010101001000011

101001000101000010001000101111000101111011010010111111010100101010101010010010101010101001010010101


* 2

1010010010011101000100001111111111111111111110000100001100111000010100101111100001111111111100000000000000000000000000111111111000101001

10010100011101010010101001010101010001000010000101110001001010100100101111111110000001010010100000011000100101010010100101

